[30, 63, 84, 10, 50, 213, 81, 163, 63, 137, 133, 76, 69, 2, 135, 206]
86, 16, 251, 40, 97, 52, 39, 91, 220, 117, 132, 90, 31, 158, 137, 68, 16, 19,

[249, 181, 224, 208, 228, 252, 131, 242, 47, 61, 111, 115, 247, 50, 130, 98]
86, 16, 64, 212, 74, 23, 47, 184, 233, 46, 83, 126, 173, 169, 89, 128, 4, 96,

[107, 57, 97, 154, 68, 83, 24, 51, 202, 79, 92, 111, 218, 53, 213, 157]
86, 16, 60, 96, 243, 37, 82, 34, 198, 155, 104, 197, 236, 42, 154, 250, 7, 15,

[159, 164, 83, 81, 8, 34, 50, 31, 126, 246, 113, 237, 147, 163, 112, 175]
86, 16, 82, 241, 222, 126, 116, 7, 160, 31, 36, 84, 101, 105, 82, 194, 75, 207,

[247, 193, 45, 235, 243, 149, 150, 227, 222, 51, 146, 242, 119, 135, 227, 208]
86, 16, 0, 93, 197, 72, 60, 106, 164, 244, 138, 192, 33, 92, 35, 200, 67, 228,

[168, 24, 68, 62, 134, 79, 46, 191, 43, 174, 26, 53, 31, 165, 34, 210]
86, 16, 122, 204, 169, 130, 27, 131, 115, 173, 49, 231, 142, 219, 20, 163, 171, 157,

[60, 148, 219, 173, 154, 197, 144, 154, 15, 126, 14, 114, 72, 33, 116, 80]
86, 16, 99, 151, 134, 161, 131, 251, 89, 127, 53, 199, 73, 254, 34, 208, 202, 11,

[220, 190, 97, 17, 93, 191, 97, 218, 24, 185, 40, 72, 238, 223, 50, 106]
86, 16, 41, 43, 24, 107, 251, 231, 176, 93, 49, 63, 16, 124, 100, 37, 65, 109,

[107, 57, 97, 154, 68, 83, 24, 51, 202, 79, 92, 111, 218, 53, 213, 157]
86, 16, 60, 96, 243, 37, 82, 34, 198, 155, 104, 197, 236, 42, 154, 250, 7, 15,

[121, 82, 63, 36, 38, 174, 73, 134, 18, 195, 171, 227, 233, 230, 156, 160]
86, 16, 119, 204, 92, 192, 11, 75, 4, 198, 97, 192, 69, 116, 75, 202, 64, 25,

[219, 21, 141, 119, 14, 184, 252, 45, 87, 72, 84, 129, 150, 131, 164, 208]
86, 16, 78, 35, 54, 211, 136, 74, 18, 58, 29, 22, 195, 27, 84, 162, 123, 139,

[208, 228, 148, 33, 84, 221, 217, 14, 250, 222, 167, 132, 176, 36, 218, 232]
86, 16, 117, 208, 83, 161, 121, 109, 61, 142, 8, 132, 227, 124, 249, 8, 61, 232,

[73, 115, 26, 177, 184, 92, 250, 242, 242, 241, 180, 239, 227, 47, 202, 125]
86, 16, 189, 226, 97, 52, 33, 38, 133, 252, 32, 40, 252, 114, 194, 41, 243, 158,

[128, 229, 154, 117, 182, 155, 181, 0, 199, 179, 162, 229, 91, 50, 213, 181]
86, 16, 102, 88, 122, 123, 22, 13, 197, 183, 25, 168, 202, 93, 83, 209, 71, 184,

[107, 194, 177, 54, 52, 152, 7, 245, 77, 119, 209, 120, 17, 36, 217, 250]
86, 16, 13, 100, 62, 67, 84, 139, 153, 200, 35, 4, 195, 210, 4, 139, 93, 78,

[184, 42, 61, 212, 146, 242, 192, 213, 17, 151, 32, 48, 254, 129, 105, 88]
86, 16, 146, 165, 98, 76, 155, 81, 237, 59, 16, 80, 150, 159, 242, 171, 253, 88,

[166, 116, 183, 119, 12, 172, 201, 172, 97, 140, 108, 122, 185, 210, 192, 217]
86, 16, 109, 91, 84, 194, 187, 222, 223, 170, 183, 9, 166, 10, 166, 89, 25, 195,

[184, 42, 61, 212, 146, 242, 192, 213, 17, 151, 32, 48, 254, 129, 105, 88]
86, 16, 146, 165, 98, 76, 155, 81, 237, 59, 16, 80, 150, 159, 242, 171, 253, 88,

[145, 87, 108, 41, 42, 190, 90, 204, 138, 60, 74, 0, 121, 212, 28, 211]
86, 16, 239, 85, 64, 253, 22, 48, 213, 230, 154, 132, 182, 121, 55, 60, 223, 61,

[178, 129, 176, 48, 130, 215, 126, 108, 142, 246, 248, 129, 126, 3, 255, 124]
86, 16, 153, 58, 90, 159, 246, 65, 228, 226, 128, 110, 105, 99, 245, 150, 151, 228,

[147, 242, 182, 106, 83, 254, 104, 157, 179, 73, 129, 240, 122, 29, 115, 91]
86, 16, 242, 99, 164, 74, 123, 67, 37, 122, 215, 231, 125, 227, 158, 35, 23, 64,

[172, 78, 53, 65, 173, 42, 42, 122, 117, 24, 8, 214, 116, 2, 89, 11]
86, 16, 200, 224, 177, 73, 18, 204, 77, 234, 232, 222, 30, 104, 131, 43, 158, 113,

[71, 39, 123, 163, 82, 177, 18, 222, 202, 198, 87, 86, 82, 183, 79, 238]
86, 16, 42, 41, 195, 64, 172, 203, 95, 130, 5, 225, 173, 63, 183, 197, 29, 234,

[39, 31, 105, 130, 248, 110, 129, 186, 212, 15, 89, 90, 130, 191, 183, 108]
86, 16, 247, 208, 56, 47, 86, 16, 152, 7, 221, 51, 74, 244, 159, 10, 155, 55,

[34, 60, 68, 33, 170, 207, 31, 63, 254, 89, 36, 181, 100, 112, 92, 172]
86, 16, 102, 22, 58, 226, 95, 115, 91, 100, 199, 197, 211, 124, 63, 203, 90, 78,

[147, 242, 182, 106, 83, 254, 104, 157, 179, 73, 129, 240, 122, 29, 115, 91]
86, 16, 242, 99, 164, 74, 123, 67, 37, 122, 215, 231, 125, 227, 158, 35, 23, 64,

[97, 203, 74, 67, 77, 240, 222, 84, 144, 174, 26, 161, 218, 54, 47, 151]
86, 16, 186, 170, 12, 248, 245, 253, 127, 120, 192, 65, 188, 160, 110, 97, 255, 238,

[242, 172, 139, 201, 113, 67, 17, 178, 77, 98, 198, 187, 227, 244, 70, 56]
86, 16, 232, 227, 94, 131, 131, 181, 30, 200, 85, 146, 234, 219, 20, 199, 229, 252,

[132, 151, 24, 247, 223, 18, 50, 76, 98, 222, 112, 185, 83, 72, 50, 234]
86, 16, 148, 227, 212, 129, 215, 23, 243, 105, 194, 198, 60, 209, 113, 65, 228, 165,

[64, 153, 60, 162, 254, 54, 21, 28, 132, 111, 21, 76, 175, 76, 130, 31]
86, 16, 183, 94, 44, 36, 74, 64, 127, 172, 34, 203, 72, 13, 0, 169, 217, 45,

[139, 94, 203, 62, 123, 75, 143, 157, 210, 164, 104, 171, 191, 32, 208, 98]
86, 16, 216, 89, 88, 146, 116, 162, 209, 144, 171, 254, 232, 16, 43, 69, 73, 53,

[132, 151, 24, 247, 223, 18, 50, 76, 98, 222, 112, 185, 83, 72, 50, 234]
86, 16, 148, 227, 212, 129, 215, 23, 243, 105, 194, 198, 60, 209, 113, 65, 228, 165,

[140, 118, 36, 85, 70, 36, 5, 247, 42, 232, 150, 218, 6, 143, 168, 148]
86, 16, 12, 229, 122, 44, 99, 17, 74, 122, 244, 250, 92, 64, 23, 56, 134, 27,

[159, 164, 83, 81, 8, 34, 50, 31, 126, 246, 113, 237, 147, 163, 112, 175]
86, 16, 82, 241, 222, 126, 116, 7, 160, 31, 36, 84, 101, 105, 82, 194, 75, 207,

[22, 2, 211, 66, 210, 211, 255, 133, 201, 89, 7, 115, 120, 64, 188, 3]
86, 16, 104, 127, 66, 161, 55, 103, 234, 162, 112, 227, 107, 114, 142, 135, 26, 196,

[178, 129, 176, 48, 130, 215, 126, 108, 142, 246, 248, 129, 126, 3, 255, 124]
86, 16, 153, 58, 90, 159, 246, 65, 228, 226, 128, 110, 105, 99, 245, 150, 151, 228,

[206, 92, 4, 10, 153, 167, 37, 110, 44, 195, 72, 206, 111, 123, 185, 201]
86, 16, 36, 223, 236, 83, 89, 252, 25, 1, 190, 209, 200, 255, 17, 28, 58, 164,

[54, 44, 25, 90, 12, 25, 114, 161, 148, 59, 0, 176, 80, 162, 218, 26]
86, 16, 159, 207, 229, 1, 125, 170, 1, 145, 70, 54, 84, 243, 169, 182, 55, 243,

[23, 7, 81, 173, 247, 43, 83, 238, 100, 250, 228, 179, 119, 6, 198, 158]
86, 16, 100, 205, 200, 222, 229, 220, 109, 208, 48, 100, 73, 93, 44, 252, 81, 93,

[147, 94, 35, 57, 153, 184, 142, 145, 229, 112, 27, 205, 87, 48, 66, 83]
86, 16, 66, 65, 159, 28, 158, 88, 91, 2, 250, 88, 234, 61, 186, 131, 106, 210,

[121, 82, 63, 36, 38, 174, 73, 134, 18, 195, 171, 227, 233, 230, 156, 160]
86, 16, 119, 204, 92, 192, 11, 75, 4, 198, 97, 192, 69, 116, 75, 202, 64, 25,

[208, 228, 148, 33, 84, 221, 217, 14, 250, 222, 167, 132, 176, 36, 218, 232]
86, 16, 117, 208, 83, 161, 121, 109, 61, 142, 8, 132, 227, 124, 249, 8, 61, 232,

[13, 68, 105, 37, 72, 129, 25, 62, 27, 217, 66, 84, 13, 100, 4, 71]
86, 16, 238, 159, 156, 71, 155, 200, 45, 75, 91, 131, 57, 60, 176, 225, 164, 236,

[242, 172, 139, 201, 113, 67, 17, 178, 77, 98, 198, 187, 227, 244, 70, 56]
86, 16, 232, 227, 94, 131, 131, 181, 30, 200, 85, 146, 234, 219, 20, 199, 229, 252,

[38, 116, 210, 70, 124, 237, 243, 108, 36, 214, 132, 198, 245, 175, 125, 62]
86, 16, 81, 2, 235, 144, 215, 237, 237, 21, 92, 28, 29, 179, 93, 119, 141, 148,

[147, 94, 35, 57, 153, 184, 142, 145, 229, 112, 27, 205, 87, 48, 66, 83]
86, 16, 66, 65, 159, 28, 158, 88, 91, 2, 250, 88, 234, 61, 186, 131, 106, 210,

[27, 68, 61, 148, 252, 97, 0, 119, 171, 102, 134, 185, 133, 152, 220, 189]
86, 16, 46, 23, 237, 36, 121, 109, 207, 18, 223, 233, 242, 214, 46, 226, 209, 113,

[23, 7, 81, 173, 247, 43, 83, 238, 100, 250, 228, 179, 119, 6, 198, 158]
86, 16, 100, 205, 200, 222, 229, 220, 109, 208, 48, 100, 73, 93, 44, 252, 81, 93,

[62, 76, 138, 81, 58, 120, 211, 183, 42, 227, 171, 11, 125, 76, 16, 100]
86, 16, 18, 156, 112, 132, 169, 46, 64, 214, 110, 175, 87, 116, 62, 56, 20, 75,

[62, 76, 138, 81, 58, 120, 211, 183, 42, 227, 171, 11, 125, 76, 16, 100]
86, 16, 18, 156, 112, 132, 169, 46, 64, 214, 110, 175, 87, 116, 62, 56, 20, 75,

[13, 68, 105, 37, 72, 129, 25, 62, 27, 217, 66, 84, 13, 100, 4, 71]
86, 16, 238, 159, 156, 71, 155, 200, 45, 75, 91, 131, 57, 60, 176, 225, 164, 236,

[60, 148, 219, 173, 154, 197, 144, 154, 15, 126, 14, 114, 72, 33, 116, 80]
86, 16, 99, 151, 134, 161, 131, 251, 89, 127, 53, 199, 73, 254, 34, 208, 202, 11,

[184, 42, 61, 212, 146, 242, 192, 213, 17, 151, 32, 48, 254, 129, 105, 88]
86, 16, 146, 165, 98, 76, 155, 81, 237, 59, 16, 80, 150, 159, 242, 171, 253, 88,

[166, 232, 35, 36, 90, 47, 202, 51, 26, 171, 169, 231, 206, 62, 200, 116]
86, 16, 201, 217, 76, 84, 79, 50, 145, 186, 3, 52, 178, 203, 56, 218, 96, 146,

[29, 17, 101, 113, 62, 246, 117, 205, 132, 78, 11, 31, 1, 200, 238, 164]
86, 16, 74, 140, 101, 30, 138, 253, 136, 116, 238, 198, 196, 221, 201, 1, 9, 35,

[159, 164, 83, 81, 8, 34, 50, 31, 126, 246, 113, 237, 147, 163, 112, 175]
86, 16, 82, 241, 222, 126, 116, 7, 160, 31, 36, 84, 101, 105, 82, 194, 75, 207,

[27, 68, 61, 148, 252, 97, 0, 119, 171, 102, 134, 185, 133, 152, 220, 189]
86, 16, 46, 23, 237, 36, 121, 109, 207, 18, 223, 233, 242, 214, 46, 226, 209, 113,

[128, 229, 154, 117, 182, 155, 181, 0, 199, 179, 162, 229, 91, 50, 213, 181]
86, 16, 102, 88, 122, 123, 22, 13, 197, 183, 25, 168, 202, 93, 83, 209, 71, 184,

[127, 60, 207, 62, 220, 230, 75, 173, 14, 35, 166, 129, 14, 108, 190, 166]
86, 16, 112, 171, 90, 248, 93, 255, 209, 109, 201, 196, 93, 55, 62, 124, 38, 85,

[15, 166, 184, 217, 205, 172, 165, 123, 109, 248, 222, 157, 128, 228, 96, 107]
86, 16, 2, 221, 183, 92, 67, 47, 202, 211, 204, 89, 166, 83, 129, 188, 254, 247,

[73, 115, 26, 177, 184, 92, 250, 242, 242, 241, 180, 239, 227, 47, 202, 125]
86, 16, 189, 226, 97, 52, 33, 38, 133, 252, 32, 40, 252, 114, 194, 41, 243, 158,

[229, 132, 105, 239, 78, 52, 25, 89, 165, 12, 201, 34, 202, 44, 199, 211]
86, 16, 169, 53, 49, 22, 188, 109, 151, 131, 19, 111, 176, 140, 40, 25, 213, 187,

[247, 193, 45, 235, 243, 149, 150, 227, 222, 51, 146, 242, 119, 135, 227, 208]
86, 16, 0, 93, 197, 72, 60, 106, 164, 244, 138, 192, 33, 92, 35, 200, 67, 228,

[27, 68, 61, 148, 252, 97, 0, 119, 171, 102, 134, 185, 133, 152, 220, 189]
86, 16, 46, 23, 237, 36, 121, 109, 207, 18, 223, 233, 242, 214, 46, 226, 209, 113,

[27, 68, 61, 148, 252, 97, 0, 119, 171, 102, 134, 185, 133, 152, 220, 189]
86, 16, 46, 23, 237, 36, 121, 109, 207, 18, 223, 233, 242, 214, 46, 226, 209, 113,

[9, 114, 111, 134, 190, 91, 139, 246, 217, 98, 7, 29, 97, 87, 72, 212]
86, 16, 236, 24, 250, 227, 148, 65, 36, 104, 30, 196, 158, 247, 105, 23, 148, 87,

[73, 115, 26, 177, 184, 92, 250, 242, 242, 241, 180, 239, 227, 47, 202, 125]
86, 16, 189, 226, 97, 52, 33, 38, 133, 252, 32, 40, 252, 114, 194, 41, 243, 158,

[20, 206, 248, 57, 55, 81, 74, 221, 79, 197, 216, 171, 178, 23, 124, 35]
86, 16, 104, 221, 232, 91, 233, 110, 124, 77, 155, 71, 49, 199, 31, 162, 52, 163,

[208, 228, 148, 33, 84, 221, 217, 14, 250, 222, 167, 132, 176, 36, 218, 232]
86, 16, 117, 208, 83, 161, 121, 109, 61, 142, 8, 132, 227, 124, 249, 8, 61, 232,

[145, 87, 108, 41, 42, 190, 90, 204, 138, 60, 74, 0, 121, 212, 28, 211]
86, 16, 239, 85, 64, 253, 22, 48, 213, 230, 154, 132, 182, 121, 55, 60, 223, 61,

[178, 129, 176, 48, 130, 215, 126, 108, 142, 246, 248, 129, 126, 3, 255, 124]
86, 16, 153, 58, 90, 159, 246, 65, 228, 226, 128, 110, 105, 99, 245, 150, 151, 228,

[242, 172, 139, 201, 113, 67, 17, 178, 77, 98, 198, 187, 227, 244, 70, 56]
86, 16, 232, 227, 94, 131, 131, 181, 30, 200, 85, 146, 234, 219, 20, 199, 229, 252,

[39, 10, 114, 110, 9, 244, 185, 122, 111, 97, 39, 160, 69, 50, 14, 67]
86, 16, 48, 91, 239, 2, 248, 63, 181, 164, 6, 116, 140, 116, 75, 206, 111, 148,

[71, 39, 123, 163, 82, 177, 18, 222, 202, 198, 87, 86, 82, 183, 79, 238]
86, 16, 42, 41, 195, 64, 172, 203, 95, 130, 5, 225, 173, 63, 183, 197, 29, 234,

[30, 63, 84, 10, 50, 213, 81, 163, 63, 137, 133, 76, 69, 2, 135, 206]
86, 16, 251, 40, 97, 52, 39, 91, 220, 117, 132, 90, 31, 158, 137, 68, 16, 19,

[208, 228, 148, 33, 84, 221, 217, 14, 250, 222, 167, 132, 176, 36, 218, 232]
86, 16, 117, 208, 83, 161, 121, 109, 61, 142, 8, 132, 227, 124, 249, 8, 61, 232,

[176, 38, 130, 248, 23, 22, 245, 23, 176, 152, 217, 92, 85, 43, 113, 10]
86, 16, 224, 45, 167, 16, 90, 152, 165, 196, 84, 183, 42, 220, 196, 215, 96, 89,

[71, 39, 123, 163, 82, 177, 18, 222, 202, 198, 87, 86, 82, 183, 79, 238]
86, 16, 42, 41, 195, 64, 172, 203, 95, 130, 5, 225, 173, 63, 183, 197, 29, 234,

[166, 116, 183, 119, 12, 172, 201, 172, 97, 140, 108, 122, 185, 210, 192, 217]
86, 16, 109, 91, 84, 194, 187, 222, 223, 170, 183, 9, 166, 10, 166, 89, 25, 195,

[20, 206, 248, 57, 55, 81, 74, 221, 79, 197, 216, 171, 178, 23, 124, 35]
86, 16, 104, 221, 232, 91, 233, 110, 124, 77, 155, 71, 49, 199, 31, 162, 52, 163,

[136, 6, 25, 162, 124, 57, 195, 145, 48, 210, 6, 105, 177, 252, 115, 241]
86, 16, 201, 138, 212, 41, 215, 182, 253, 49, 252, 178, 62, 100, 197, 55, 136, 107,

[73, 115, 26, 177, 184, 92, 250, 242, 242, 241, 180, 239, 227, 47, 202, 125]
86, 16, 189, 226, 97, 52, 33, 38, 133, 252, 32, 40, 252, 114, 194, 41, 243, 158,

[253, 23, 53, 64, 201, 149, 197, 196, 152, 243, 142, 35, 71, 161, 22, 132]
86, 16, 29, 105, 250, 44, 65, 228, 245, 57, 137, 217, 1, 242, 44, 146, 52, 134,

[62, 76, 138, 81, 58, 120, 211, 183, 42, 227, 171, 11, 125, 76, 16, 100]
86, 16, 18, 156, 112, 132, 169, 46, 64, 214, 110, 175, 87, 116, 62, 56, 20, 75,

[219, 21, 141, 119, 14, 184, 252, 45, 87, 72, 84, 129, 150, 131, 164, 208]
86, 16, 78, 35, 54, 211, 136, 74, 18, 58, 29, 22, 195, 27, 84, 162, 123, 139,

[121, 82, 63, 36, 38, 174, 73, 134, 18, 195, 171, 227, 233, 230, 156, 160]
86, 16, 119, 204, 92, 192, 11, 75, 4, 198, 97, 192, 69, 116, 75, 202, 64, 25,

[27, 68, 61, 148, 252, 97, 0, 119, 171, 102, 134, 185, 133, 152, 220, 189]
86, 16, 46, 23, 237, 36, 121, 109, 207, 18, 223, 233, 242, 214, 46, 226, 209, 113,

[131, 126, 88, 110, 204, 165, 75, 27, 207, 40, 111, 113, 200, 39, 199, 93]
86, 16, 199, 245, 118, 198, 191, 163, 212, 243, 140, 138, 242, 241, 31, 5, 228, 163,

[60, 148, 219, 173, 154, 197, 144, 154, 15, 126, 14, 114, 72, 33, 116, 80]
86, 16, 99, 151, 134, 161, 131, 251, 89, 127, 53, 199, 73, 254, 34, 208, 202, 11,

[2, 20, 158, 208, 196, 11, 231, 75, 177, 127, 43, 208, 31, 50, 205, 160]
86, 16, 182, 61, 13, 208, 64, 131, 7, 153, 233, 145, 1, 132, 204, 109, 65, 107,

[30, 63, 84, 10, 50, 213, 81, 163, 63, 137, 133, 76, 69, 2, 135, 206]
86, 16, 251, 40, 97, 52, 39, 91, 220, 117, 132, 90, 31, 158, 137, 68, 16, 19,

[228, 185, 135, 4, 237, 167, 109, 208, 124, 203, 215, 17, 7, 236, 85, 178]
86, 16, 142, 210, 204, 131, 169, 102, 163, 159, 20, 65, 179, 35, 113, 201, 112, 98,

[107, 57, 97, 154, 68, 83, 24, 51, 202, 79, 92, 111, 218, 53, 213, 157]
86, 16, 60, 96, 243, 37, 82, 34, 198, 155, 104, 197, 236, 42, 154, 250, 7, 15,

[219, 21, 141, 119, 14, 184, 252, 45, 87, 72, 84, 129, 150, 131, 164, 208]
86, 16, 78, 35, 54, 211, 136, 74, 18, 58, 29, 22, 195, 27, 84, 162, 123, 139,

[121, 82, 63, 36, 38, 174, 73, 134, 18, 195, 171, 227, 233, 230, 156, 160]
86, 16, 119, 204, 92, 192, 11, 75, 4, 198, 97, 192, 69, 116, 75, 202, 64, 25,

[20, 206, 248, 57, 55, 81, 74, 221, 79, 197, 216, 171, 178, 23, 124, 35]
86, 16, 104, 221, 232, 91, 233, 110, 124, 77, 155, 71, 49, 199, 31, 162, 52, 163,

[208, 228, 148, 33, 84, 221, 217, 14, 250, 222, 167, 132, 176, 36, 218, 232]
86, 16, 117, 208, 83, 161, 121, 109, 61, 142, 8, 132, 227, 124, 249, 8, 61, 232,

[73, 115, 26, 177, 184, 92, 250, 242, 242, 241, 180, 239, 227, 47, 202, 125]
86, 16, 189, 226, 97, 52, 33, 38, 133, 252, 32, 40, 252, 114, 194, 41, 243, 158,

[131, 48, 241, 64, 142, 104, 38, 17, 211, 121, 87, 7, 154, 41, 170, 121]
86, 16, 42, 176, 44, 87, 66, 1, 253, 177, 96, 2, 198, 246, 168, 105, 139, 167,

[39, 31, 105, 130, 248, 110, 129, 186, 212, 15, 89, 90, 130, 191, 183, 108]
86, 16, 247, 208, 56, 47, 86, 16, 152, 7, 221, 51, 74, 244, 159, 10, 155, 55,

[147, 242, 182, 106, 83, 254, 104, 157, 179, 73, 129, 240, 122, 29, 115, 91]
86, 16, 242, 99, 164, 74, 123, 67, 37, 122, 215, 231, 125, 227, 158, 35, 23, 64,

[107, 57, 97, 154, 68, 83, 24, 51, 202, 79, 92, 111, 218, 53, 213, 157]
86, 16, 60, 96, 243, 37, 82, 34, 198, 155, 104, 197, 236, 42, 154, 250, 7, 15,

[15, 166, 184, 217, 205, 172, 165, 123, 109, 248, 222, 157, 128, 228, 96, 107]
86, 16, 2, 221, 183, 92, 67, 47, 202, 211, 204, 89, 166, 83, 129, 188, 254, 247,

[71, 39, 123, 163, 82, 177, 18, 222, 202, 198, 87, 86, 82, 183, 79, 238]
86, 16, 42, 41, 195, 64, 172, 203, 95, 130, 5, 225, 173, 63, 183, 197, 29, 234,

[107, 57, 97, 154, 68, 83, 24, 51, 202, 79, 92, 111, 218, 53, 213, 157]
86, 16, 60, 96, 243, 37, 82, 34, 198, 155, 104, 197, 236, 42, 154, 250, 7, 15,

[30, 63, 84, 10, 50, 213, 81, 163, 63, 137, 133, 76, 69, 2, 135, 206]
86, 16, 251, 40, 97, 52, 39, 91, 220, 117, 132, 90, 31, 158, 137, 68, 16, 19,

[228, 185, 135, 4, 237, 167, 109, 208, 124, 203, 215, 17, 7, 236, 85, 178]
86, 16, 142, 210, 204, 131, 169, 102, 163, 159, 20, 65, 179, 35, 113, 201, 112, 98,

[107, 57, 97, 154, 68, 83, 24, 51, 202, 79, 92, 111, 218, 53, 213, 157]
86, 16, 60, 96, 243, 37, 82, 34, 198, 155, 104, 197, 236, 42, 154, 250, 7, 15,

[253, 23, 53, 64, 201, 149, 197, 196, 152, 243, 142, 35, 71, 161, 22, 132]
86, 16, 29, 105, 250, 44, 65, 228, 245, 57, 137, 217, 1, 242, 44, 146, 52, 134,

[200, 28, 146, 138, 159, 241, 134, 143, 212, 2, 217, 232, 36, 76, 197, 35]
86, 16, 39, 85, 252, 169, 52, 129, 43, 143, 204, 105, 110, 134, 143, 233, 87, 35,

[71, 39, 123, 163, 82, 177, 18, 222, 202, 198, 87, 86, 82, 183, 79, 238]
86, 16, 42, 41, 195, 64, 172, 203, 95, 130, 5, 225, 173, 63, 183, 197, 29, 234,

[97, 203, 74, 67, 77, 240, 222, 84, 144, 174, 26, 161, 218, 54, 47, 151]
86, 16, 186, 170, 12, 248, 245, 253, 127, 120, 192, 65, 188, 160, 110, 97, 255, 238,

[136, 6, 25, 162, 124, 57, 195, 145, 48, 210, 6, 105, 177, 252, 115, 241]
86, 16, 201, 138, 212, 41, 215, 182, 253, 49, 252, 178, 62, 100, 197, 55, 136, 107,

[184, 42, 61, 212, 146, 242, 192, 213, 17, 151, 32, 48, 254, 129, 105, 88]
86, 16, 146, 165, 98, 76, 155, 81, 237, 59, 16, 80, 150, 159, 242, 171, 253, 88,

[9, 114, 111, 134, 190, 91, 139, 246, 217, 98, 7, 29, 97, 87, 72, 212]
86, 16, 236, 24, 250, 227, 148, 65, 36, 104, 30, 196, 158, 247, 105, 23, 148, 87,

[29, 30, 76, 67, 232, 99, 37, 216, 2, 143, 73, 204, 79, 216, 196, 238]
86, 16, 63, 183, 226, 180, 186, 215, 192, 206, 243, 124, 97, 174, 183, 54, 63, 237,

[196, 5, 176, 183, 249, 167, 247, 32, 171, 105, 78, 124, 102, 109, 150, 248]
86, 16, 83, 8, 8, 36, 66, 51, 208, 86, 178, 253, 32, 70, 18, 158, 227, 26,

[208, 228, 148, 33, 84, 221, 217, 14, 250, 222, 167, 132, 176, 36, 218, 232]
86, 16, 117, 208, 83, 161, 121, 109, 61, 142, 8, 132, 227, 124, 249, 8, 61, 232,

[2, 20, 158, 208, 196, 11, 231, 75, 177, 127, 43, 208, 31, 50, 205, 160]
86, 16, 182, 61, 13, 208, 64, 131, 7, 153, 233, 145, 1, 132, 204, 109, 65, 107,

[242, 172, 139, 201, 113, 67, 17, 178, 77, 98, 198, 187, 227, 244, 70, 56]
86, 16, 232, 227, 94, 131, 131, 181, 30, 200, 85, 146, 234, 219, 20, 199, 229, 252,

[2, 20, 158, 208, 196, 11, 231, 75, 177, 127, 43, 208, 31, 50, 205, 160]
86, 16, 182, 61, 13, 208, 64, 131, 7, 153, 233, 145, 1, 132, 204, 109, 65, 107,

[250, 180, 227, 106, 13, 235, 15, 89, 227, 171, 83, 30, 19, 13, 123, 237]
86, 16, 89, 74, 183, 255, 13, 181, 41, 225, 101, 35, 11, 16, 105, 128, 250, 19,

[49, 87, 7, 138, 114, 116, 5, 245, 248, 231, 105, 172, 157, 18, 211, 222]
86, 16, 23, 127, 202, 162, 47, 57, 207, 104, 179, 68, 64, 98, 215, 213, 180, 165,

[39, 31, 105, 130, 248, 110, 129, 186, 212, 15, 89, 90, 130, 191, 183, 108]
86, 16, 247, 208, 56, 47, 86, 16, 152, 7, 221, 51, 74, 244, 159, 10, 155, 55,

[71, 39, 123, 163, 82, 177, 18, 222, 202, 198, 87, 86, 82, 183, 79, 238]
86, 16, 42, 41, 195, 64, 172, 203, 95, 130, 5, 225, 173, 63, 183, 197, 29, 234,

[208, 228, 148, 33, 84, 221, 217, 14, 250, 222, 167, 132, 176, 36, 218, 232]
86, 16, 117, 208, 83, 161, 121, 109, 61, 142, 8, 132, 227, 124, 249, 8, 61, 232,

[17, 28, 179, 170, 247, 144, 87, 181, 147, 146, 234, 30, 106, 178, 94, 241]
86, 16, 135, 48, 153, 165, 128, 152, 227, 191, 42, 89, 165, 180, 252, 131, 114, 53,

[147, 171, 60, 22, 112, 235, 147, 214, 137, 202, 189, 25, 176, 179, 63, 9]
86, 16, 33, 6, 121, 239, 78, 235, 193, 220, 66, 133, 57, 125, 33, 52, 46, 31,

[174, 54, 235, 218, 31, 141, 97, 229, 143, 42, 65, 13, 228, 185, 98, 155]
86, 16, 34, 41, 93, 118, 43, 187, 110, 206, 241, 46, 120, 100, 24, 30, 180, 61,

[73, 115, 26, 177, 184, 92, 250, 242, 242, 241, 180, 239, 227, 47, 202, 125]
86, 16, 189, 226, 97, 52, 33, 38, 133, 252, 32, 40, 252, 114, 194, 41, 243, 158,

[203, 68, 188, 113, 125, 219, 68, 107, 175, 204, 205, 105, 80, 219, 17, 255]
86, 16, 97, 168, 49, 159, 48, 59, 127, 247, 90, 180, 255, 180, 221, 162, 142, 116,

[42, 75, 1, 105, 203, 146, 113, 220, 153, 11, 190, 213, 44, 191, 179, 248]
86, 16, 76, 97, 133, 33, 164, 7, 83, 20, 74, 165, 172, 74, 98, 100, 5, 126,

[2, 20, 158, 208, 196, 11, 231, 75, 177, 127, 43, 208, 31, 50, 205, 160]
86, 16, 182, 61, 13, 208, 64, 131, 7, 153, 233, 145, 1, 132, 204, 109, 65, 107,

[107, 57, 97, 154, 68, 83, 24, 51, 202, 79, 92, 111, 218, 53, 213, 157]
86, 16, 60, 96, 243, 37, 82, 34, 198, 155, 104, 197, 236, 42, 154, 250, 7, 15,

[166, 116, 183, 119, 12, 172, 201, 172, 97, 140, 108, 122, 185, 210, 192, 217]
86, 16, 109, 91, 84, 194, 187, 222, 223, 170, 183, 9, 166, 10, 166, 89, 25, 195,

[147, 94, 35, 57, 153, 184, 142, 145, 229, 112, 27, 205, 87, 48, 66, 83]
86, 16, 66, 65, 159, 28, 158, 88, 91, 2, 250, 88, 234, 61, 186, 131, 106, 210,

[147, 242, 182, 106, 83, 254, 104, 157, 179, 73, 129, 240, 122, 29, 115, 91]
86, 16, 242, 99, 164, 74, 123, 67, 37, 122, 215, 231, 125, 227, 158, 35, 23, 64,

[27, 68, 61, 148, 252, 97, 0, 119, 171, 102, 134, 185, 133, 152, 220, 189]
86, 16, 46, 23, 237, 36, 121, 109, 207, 18, 223, 233, 242, 214, 46, 226, 209, 113,

[168, 24, 68, 62, 134, 79, 46, 191, 43, 174, 26, 53, 31, 165, 34, 210]
86, 16, 122, 204, 169, 130, 27, 131, 115, 173, 49, 231, 142, 219, 20, 163, 171, 157,

[208, 228, 148, 33, 84, 221, 217, 14, 250, 222, 167, 132, 176, 36, 218, 232]
86, 16, 117, 208, 83, 161, 121, 109, 61, 142, 8, 132, 227, 124, 249, 8, 61, 232,

[253, 23, 53, 64, 201, 149, 197, 196, 152, 243, 142, 35, 71, 161, 22, 132]
86, 16, 29, 105, 250, 44, 65, 228, 245, 57, 137, 217, 1, 242, 44, 146, 52, 134,

[235, 53, 107, 85, 9, 110, 117, 148, 171, 197, 230, 152, 182, 87, 137, 70]
86, 16, 188, 145, 32, 186, 198, 141, 6, 80, 124, 198, 34, 105, 202, 181, 163, 151,

[127, 60, 207, 62, 220, 230, 75, 173, 14, 35, 166, 129, 14, 108, 190, 166]
86, 16, 112, 171, 90, 248, 93, 255, 209, 109, 201, 196, 93, 55, 62, 124, 38, 85,

[250, 180, 227, 106, 13, 235, 15, 89, 227, 171, 83, 30, 19, 13, 123, 237]
86, 16, 89, 74, 183, 255, 13, 181, 41, 225, 101, 35, 11, 16, 105, 128, 250, 19,

[128, 229, 154, 117, 182, 155, 181, 0, 199, 179, 162, 229, 91, 50, 213, 181]
86, 16, 102, 88, 122, 123, 22, 13, 197, 183, 25, 168, 202, 93, 83, 209, 71, 184,

[168, 24, 68, 62, 134, 79, 46, 191, 43, 174, 26, 53, 31, 165, 34, 210]
86, 16, 122, 204, 169, 130, 27, 131, 115, 173, 49, 231, 142, 219, 20, 163, 171, 157,

[29, 17, 101, 113, 62, 246, 117, 205, 132, 78, 11, 31, 1, 200, 238, 164]
86, 16, 74, 140, 101, 30, 138, 253, 136, 116, 238, 198, 196, 221, 201, 1, 9, 35,

[230, 41, 16, 139, 168, 65, 6, 110, 103, 156, 208, 8, 169, 191, 245, 41]
86, 16, 98, 50, 211, 201, 155, 169, 223, 113, 184, 181, 68, 16, 139, 69, 117, 152,

[29, 30, 76, 67, 232, 99, 37, 216, 2, 143, 73, 204, 79, 216, 196, 238]
86, 16, 63, 183, 226, 180, 186, 215, 192, 206, 243, 124, 97, 174, 183, 54, 63, 237,

[30, 63, 84, 10, 50, 213, 81, 163, 63, 137, 133, 76, 69, 2, 135, 206]
86, 16, 251, 40, 97, 52, 39, 91, 220, 117, 132, 90, 31, 158, 137, 68, 16, 19,

[2, 20, 158, 208, 196, 11, 231, 75, 177, 127, 43, 208, 31, 50, 205, 160]
86, 16, 182, 61, 13, 208, 64, 131, 7, 153, 233, 145, 1, 132, 204, 109, 65, 107,

[39, 10, 114, 110, 9, 244, 185, 122, 111, 97, 39, 160, 69, 50, 14, 67]
86, 16, 48, 91, 239, 2, 248, 63, 181, 164, 6, 116, 140, 116, 75, 206, 111, 148,

[228, 185, 135, 4, 237, 167, 109, 208, 124, 203, 215, 17, 7, 236, 85, 178]
86, 16, 142, 210, 204, 131, 169, 102, 163, 159, 20, 65, 179, 35, 113, 201, 112, 98,

[29, 17, 101, 113, 62, 246, 117, 205, 132, 78, 11, 31, 1, 200, 238, 164]
86, 16, 74, 140, 101, 30, 138, 253, 136, 116, 238, 198, 196, 221, 201, 1, 9, 35,

[205, 216, 89, 102, 124, 35, 198, 216, 247, 38, 153, 23, 48, 158, 211, 37]
86, 16, 182, 49, 87, 40, 210, 212, 64, 71, 85, 164, 74, 93, 226, 255, 156, 56,

[29, 30, 76, 67, 232, 99, 37, 216, 2, 143, 73, 204, 79, 216, 196, 238]
86, 16, 63, 183, 226, 180, 186, 215, 192, 206, 243, 124, 97, 174, 183, 54, 63, 237,

[30, 63, 84, 10, 50, 213, 81, 163, 63, 137, 133, 76, 69, 2, 135, 206]
86, 16, 251, 40, 97, 52, 39, 91, 220, 117, 132, 90, 31, 158, 137, 68, 16, 19,

[184, 42, 61, 212, 146, 242, 192, 213, 17, 151, 32, 48, 254, 129, 105, 88]
86, 16, 146, 165, 98, 76, 155, 81, 237, 59, 16, 80, 150, 159, 242, 171, 253, 88,

[62, 76, 138, 81, 58, 120, 211, 183, 42, 227, 171, 11, 125, 76, 16, 100]
86, 16, 18, 156, 112, 132, 169, 46, 64, 214, 110, 175, 87, 116, 62, 56, 20, 75,

[27, 68, 61, 148, 252, 97, 0, 119, 171, 102, 134, 185, 133, 152, 220, 189]
86, 16, 46, 23, 237, 36, 121, 109, 207, 18, 223, 233, 242, 214, 46, 226, 209, 113,

[34, 60, 68, 33, 170, 207, 31, 63, 254, 89, 36, 181, 100, 112, 92, 172]
86, 16, 102, 22, 58, 226, 95, 115, 91, 100, 199, 197, 211, 124, 63, 203, 90, 78,

[180, 168, 118, 131, 10, 170, 117, 128, 151, 106, 210, 254, 202, 16, 30, 35]
86, 16, 198, 87, 153, 94, 121, 55, 247, 20, 72, 4, 62, 50, 11, 186, 1, 241,

[180, 168, 118, 131, 10, 170, 117, 128, 151, 106, 210, 254, 202, 16, 30, 35]
86, 16, 198, 87, 153, 94, 121, 55, 247, 20, 72, 4, 62, 50, 11, 186, 1, 241,

[203, 68, 188, 113, 125, 219, 68, 107, 175, 204, 205, 105, 80, 219, 17, 255]
86, 16, 97, 168, 49, 159, 48, 59, 127, 247, 90, 180, 255, 180, 221, 162, 142, 116,

[28, 174, 139, 8, 21, 164, 62, 115, 122, 43, 43, 245, 55, 115, 242, 129]
86, 16, 200, 53, 182, 163, 171, 192, 44, 86, 179, 85, 1, 134, 53, 175, 16, 83,

[167, 106, 45, 107, 90, 108, 104, 85, 201, 187, 103, 150, 122, 94, 111, 69]
86, 16, 189, 45, 53, 206, 159, 236, 144, 182, 85, 227, 150, 17, 183, 46, 182, 236,

[49, 87, 7, 138, 114, 116, 5, 245, 248, 231, 105, 172, 157, 18, 211, 222]
86, 16, 23, 127, 202, 162, 47, 57, 207, 104, 179, 68, 64, 98, 215, 213, 180, 165,

[176, 38, 130, 248, 23, 22, 245, 23, 176, 152, 217, 92, 85, 43, 113, 10]
86, 16, 224, 45, 167, 16, 90, 152, 165, 196, 84, 183, 42, 220, 196, 215, 96, 89,

[184, 42, 61, 212, 146, 242, 192, 213, 17, 151, 32, 48, 254, 129, 105, 88]
86, 16, 146, 165, 98, 76, 155, 81, 237, 59, 16, 80, 150, 159, 242, 171, 253, 88,

[100, 179, 247, 253, 220, 185, 246, 254, 215, 96, 187, 205, 22, 83, 193, 215]
86, 16, 62, 34, 91, 114, 187, 244, 78, 244, 221, 154, 22, 103, 59, 229, 51, 54,

[107, 57, 97, 154, 68, 83, 24, 51, 202, 79, 92, 111, 218, 53, 213, 157]
86, 16, 60, 96, 243, 37, 82, 34, 198, 155, 104, 197, 236, 42, 154, 250, 7, 15,

[136, 6, 25, 162, 124, 57, 195, 145, 48, 210, 6, 105, 177, 252, 115, 241]
86, 16, 201, 138, 212, 41, 215, 182, 253, 49, 252, 178, 62, 100, 197, 55, 136, 107,

[208, 228, 148, 33, 84, 221, 217, 14, 250, 222, 167, 132, 176, 36, 218, 232]
86, 16, 117, 208, 83, 161, 121, 109, 61, 142, 8, 132, 227, 124, 249, 8, 61, 232,

[166, 116, 183, 119, 12, 172, 201, 172, 97, 140, 108, 122, 185, 210, 192, 217]
86, 16, 109, 91, 84, 194, 187, 222, 223, 170, 183, 9, 166, 10, 166, 89, 25, 195,

[203, 68, 188, 113, 125, 219, 68, 107, 175, 204, 205, 105, 80, 219, 17, 255]
86, 16, 97, 168, 49, 159, 48, 59, 127, 247, 90, 180, 255, 180, 221, 162, 142, 116,

[13, 68, 105, 37, 72, 129, 25, 62, 27, 217, 66, 84, 13, 100, 4, 71]
86, 16, 238, 159, 156, 71, 155, 200, 45, 75, 91, 131, 57, 60, 176, 225, 164, 236,

[60, 148, 219, 173, 154, 197, 144, 154, 15, 126, 14, 114, 72, 33, 116, 80]
86, 16, 99, 151, 134, 161, 131, 251, 89, 127, 53, 199, 73, 254, 34, 208, 202, 11,

[29, 30, 76, 67, 232, 99, 37, 216, 2, 143, 73, 204, 79, 216, 196, 238]
86, 16, 63, 183, 226, 180, 186, 215, 192, 206, 243, 124, 97, 174, 183, 54, 63, 237,

[62, 76, 138, 81, 58, 120, 211, 183, 42, 227, 171, 11, 125, 76, 16, 100]
86, 16, 18, 156, 112, 132, 169, 46, 64, 214, 110, 175, 87, 116, 62, 56, 20, 75,

[97, 203, 74, 67, 77, 240, 222, 84, 144, 174, 26, 161, 218, 54, 47, 151]
86, 16, 186, 170, 12, 248, 245, 253, 127, 120, 192, 65, 188, 160, 110, 97, 255, 238,

[131, 126, 88, 110, 204, 165, 75, 27, 207, 40, 111, 113, 200, 39, 199, 93]
86, 16, 199, 245, 118, 198, 191, 163, 212, 243, 140, 138, 242, 241, 31, 5, 228, 163,

[2, 20, 158, 208, 196, 11, 231, 75, 177, 127, 43, 208, 31, 50, 205, 160]
86, 16, 182, 61, 13, 208, 64, 131, 7, 153, 233, 145, 1, 132, 204, 109, 65, 107,

[184, 42, 61, 212, 146, 242, 192, 213, 17, 151, 32, 48, 254, 129, 105, 88]
86, 16, 146, 165, 98, 76, 155, 81, 237, 59, 16, 80, 150, 159, 242, 171, 253, 88,

[147, 242, 182, 106, 83, 254, 104, 157, 179, 73, 129, 240, 122, 29, 115, 91]
86, 16, 242, 99, 164, 74, 123, 67, 37, 122, 215, 231, 125, 227, 158, 35, 23, 64,

[235, 53, 107, 85, 9, 110, 117, 148, 171, 197, 230, 152, 182, 87, 137, 70]
86, 16, 188, 145, 32, 186, 198, 141, 6, 80, 124, 198, 34, 105, 202, 181, 163, 151,

[108, 204, 97, 210, 10, 250, 87, 15, 3, 62, 119, 168, 41, 121, 237, 126]
86, 16, 201, 139, 70, 228, 97, 121, 204, 161, 66, 106, 160, 112, 96, 253, 16, 116,

[203, 68, 188, 113, 125, 219, 68, 107, 175, 204, 205, 105, 80, 219, 17, 255]
86, 16, 97, 168, 49, 159, 48, 59, 127, 247, 90, 180, 255, 180, 221, 162, 142, 116,

[172, 78, 53, 65, 173, 42, 42, 122, 117, 24, 8, 214, 116, 2, 89, 11]
86, 16, 200, 224, 177, 73, 18, 204, 77, 234, 232, 222, 30, 104, 131, 43, 158, 113,

[131, 126, 88, 110, 204, 165, 75, 27, 207, 40, 111, 113, 200, 39, 199, 93]
86, 16, 199, 245, 118, 198, 191, 163, 212, 243, 140, 138, 242, 241, 31, 5, 228, 163,

[73, 115, 26, 177, 184, 92, 250, 242, 242, 241, 180, 239, 227, 47, 202, 125]
86, 16, 189, 226, 97, 52, 33, 38, 133, 252, 32, 40, 252, 114, 194, 41, 243, 158,

[159, 164, 83, 81, 8, 34, 50, 31, 126, 246, 113, 237, 147, 163, 112, 175]
86, 16, 82, 241, 222, 126, 116, 7, 160, 31, 36, 84, 101, 105, 82, 194, 75, 207,

[15, 78, 100, 215, 22, 181, 105, 13, 129, 34, 8, 32, 37, 52, 20, 170]
86, 16, 45, 233, 126, 43, 174, 18, 243, 63, 241, 126, 241, 166, 184, 101, 127, 213,

[200, 28, 146, 138, 159, 241, 134, 143, 212, 2, 217, 232, 36, 76, 197, 35]
86, 16, 39, 85, 252, 169, 52, 129, 43, 143, 204, 105, 110, 134, 143, 233, 87, 35,

[29, 30, 76, 67, 232, 99, 37, 216, 2, 143, 73, 204, 79, 216, 196, 238]
86, 16, 63, 183, 226, 180, 186, 215, 192, 206, 243, 124, 97, 174, 183, 54, 63, 237,

[184, 42, 61, 212, 146, 242, 192, 213, 17, 151, 32, 48, 254, 129, 105, 88]
86, 16, 146, 165, 98, 76, 155, 81, 237, 59, 16, 80, 150, 159, 242, 171, 253, 88,

[9, 114, 111, 134, 190, 91, 139, 246, 217, 98, 7, 29, 97, 87, 72, 212]
86, 16, 236, 24, 250, 227, 148, 65, 36, 104, 30, 196, 158, 247, 105, 23, 148, 87,

[178, 129, 176, 48, 130, 215, 126, 108, 142, 246, 248, 129, 126, 3, 255, 124]
86, 16, 153, 58, 90, 159, 246, 65, 228, 226, 128, 110, 105, 99, 245, 150, 151, 228,

[208, 228, 148, 33, 84, 221, 217, 14, 250, 222, 167, 132, 176, 36, 218, 232]
86, 16, 117, 208, 83, 161, 121, 109, 61, 142, 8, 132, 227, 124, 249, 8, 61, 232,

[2, 20, 158, 208, 196, 11, 231, 75, 177, 127, 43, 208, 31, 50, 205, 160]
86, 16, 182, 61, 13, 208, 64, 131, 7, 153, 233, 145, 1, 132, 204, 109, 65, 107,

[73, 115, 26, 177, 184, 92, 250, 242, 242, 241, 180, 239, 227, 47, 202, 125]
86, 16, 189, 226, 97, 52, 33, 38, 133, 252, 32, 40, 252, 114, 194, 41, 243, 158,

[159, 164, 83, 81, 8, 34, 50, 31, 126, 246, 113, 237, 147, 163, 112, 175]
86, 16, 82, 241, 222, 126, 116, 7, 160, 31, 36, 84, 101, 105, 82, 194, 75, 207,

[2, 20, 158, 208, 196, 11, 231, 75, 177, 127, 43, 208, 31, 50, 205, 160]
86, 16, 182, 61, 13, 208, 64, 131, 7, 153, 233, 145, 1, 132, 204, 109, 65, 107,

[71, 39, 123, 163, 82, 177, 18, 222, 202, 198, 87, 86, 82, 183, 79, 238]
86, 16, 42, 41, 195, 64, 172, 203, 95, 130, 5, 225, 173, 63, 183, 197, 29, 234,

[89, 217, 67, 195, 198, 59, 194, 149, 7, 49, 141, 102, 17, 249, 164, 96]
86, 16, 221, 218, 1, 221, 157, 180, 174, 202, 86, 13, 130, 70, 22, 172, 207, 56,

[128, 229, 154, 117, 182, 155, 181, 0, 199, 179, 162, 229, 91, 50, 213, 181]
86, 16, 102, 88, 122, 123, 22, 13, 197, 183, 25, 168, 202, 93, 83, 209, 71, 184,

[29, 30, 76, 67, 232, 99, 37, 216, 2, 143, 73, 204, 79, 216, 196, 238]
86, 16, 63, 183, 226, 180, 186, 215, 192, 206, 243, 124, 97, 174, 183, 54, 63, 237,

[60, 148, 219, 173, 154, 197, 144, 154, 15, 126, 14, 114, 72, 33, 116, 80]
86, 16, 99, 151, 134, 161, 131, 251, 89, 127, 53, 199, 73, 254, 34, 208, 202, 11,

[60, 148, 219, 173, 154, 197, 144, 154, 15, 126, 14, 114, 72, 33, 116, 80]
86, 16, 99, 151, 134, 161, 131, 251, 89, 127, 53, 199, 73, 254, 34, 208, 202, 11,

[73, 115, 26, 177, 184, 92, 250, 242, 242, 241, 180, 239, 227, 47, 202, 125]
86, 16, 189, 226, 97, 52, 33, 38, 133, 252, 32, 40, 252, 114, 194, 41, 243, 158,

[176, 38, 130, 248, 23, 22, 245, 23, 176, 152, 217, 92, 85, 43, 113, 10]
86, 16, 224, 45, 167, 16, 90, 152, 165, 196, 84, 183, 42, 220, 196, 215, 96, 89,

[60, 148, 219, 173, 154, 197, 144, 154, 15, 126, 14, 114, 72, 33, 116, 80]
86, 16, 99, 151, 134, 161, 131, 251, 89, 127, 53, 199, 73, 254, 34, 208, 202, 11,

[229, 132, 105, 239, 78, 52, 25, 89, 165, 12, 201, 34, 202, 44, 199, 211]
86, 16, 169, 53, 49, 22, 188, 109, 151, 131, 19, 111, 176, 140, 40, 25, 213, 187,

[23, 7, 81, 173, 247, 43, 83, 238, 100, 250, 228, 179, 119, 6, 198, 158]
86, 16, 100, 205, 200, 222, 229, 220, 109, 208, 48, 100, 73, 93, 44, 252, 81, 93,

[71, 39, 123, 163, 82, 177, 18, 222, 202, 198, 87, 86, 82, 183, 79, 238]
86, 16, 42, 41, 195, 64, 172, 203, 95, 130, 5, 225, 173, 63, 183, 197, 29, 234,

[122, 38, 124, 95, 68, 221, 85, 217, 127, 254, 71, 94, 81, 16, 180, 123]
86, 16, 75, 12, 39, 135, 255, 195, 56, 183, 80, 43, 95, 161, 3, 63, 241, 175,

[206, 92, 4, 10, 153, 167, 37, 110, 44, 195, 72, 206, 111, 123, 185, 201]
86, 16, 36, 223, 236, 83, 89, 252, 25, 1, 190, 209, 200, 255, 17, 28, 58, 164,

[170, 215, 53, 102, 245, 191, 45, 235, 141, 47, 148, 245, 155, 83, 234, 241]
86, 16, 3, 113, 139, 21, 129, 173, 87, 109, 212, 69, 233, 141, 81, 96, 129, 202,

[13, 68, 105, 37, 72, 129, 25, 62, 27, 217, 66, 84, 13, 100, 4, 71]
86, 16, 238, 159, 156, 71, 155, 200, 45, 75, 91, 131, 57, 60, 176, 225, 164, 236,

[128, 229, 154, 117, 182, 155, 181, 0, 199, 179, 162, 229, 91, 50, 213, 181]
86, 16, 102, 88, 122, 123, 22, 13, 197, 183, 25, 168, 202, 93, 83, 209, 71, 184,

[30, 63, 84, 10, 50, 213, 81, 163, 63, 137, 133, 76, 69, 2, 135, 206]
86, 16, 251, 40, 97, 52, 39, 91, 220, 117, 132, 90, 31, 158, 137, 68, 16, 19,

[29, 17, 101, 113, 62, 246, 117, 205, 132, 78, 11, 31, 1, 200, 238, 164]
86, 16, 74, 140, 101, 30, 138, 253, 136, 116, 238, 198, 196, 221, 201, 1, 9, 35,

[184, 42, 61, 212, 146, 242, 192, 213, 17, 151, 32, 48, 254, 129, 105, 88]
86, 16, 146, 165, 98, 76, 155, 81, 237, 59, 16, 80, 150, 159, 242, 171, 253, 88,

[108, 204, 97, 210, 10, 250, 87, 15, 3, 62, 119, 168, 41, 121, 237, 126]
86, 16, 201, 139, 70, 228, 97, 121, 204, 161, 66, 106, 160, 112, 96, 253, 16, 116,

[128, 229, 154, 117, 182, 155, 181, 0, 199, 179, 162, 229, 91, 50, 213, 181]
86, 16, 102, 88, 122, 123, 22, 13, 197, 183, 25, 168, 202, 93, 83, 209, 71, 184,

[29, 30, 76, 67, 232, 99, 37, 216, 2, 143, 73, 204, 79, 216, 196, 238]
86, 16, 63, 183, 226, 180, 186, 215, 192, 206, 243, 124, 97, 174, 183, 54, 63, 237,

[229, 132, 105, 239, 78, 52, 25, 89, 165, 12, 201, 34, 202, 44, 199, 211]
86, 16, 169, 53, 49, 22, 188, 109, 151, 131, 19, 111, 176, 140, 40, 25, 213, 187,

[159, 164, 83, 81, 8, 34, 50, 31, 126, 246, 113, 237, 147, 163, 112, 175]
86, 16, 82, 241, 222, 126, 116, 7, 160, 31, 36, 84, 101, 105, 82, 194, 75, 207,

[59, 201, 143, 159, 174, 120, 85, 12, 134, 168, 139, 232, 36, 252, 226, 134]
86, 16, 48, 215, 57, 235, 20, 109, 208, 131, 83, 161, 106, 174, 77, 146, 0, 10,

[247, 193, 45, 235, 243, 149, 150, 227, 222, 51, 146, 242, 119, 135, 227, 208]
86, 16, 0, 93, 197, 72, 60, 106, 164, 244, 138, 192, 33, 92, 35, 200, 67, 228,

[131, 126, 88, 110, 204, 165, 75, 27, 207, 40, 111, 113, 200, 39, 199, 93]
86, 16, 199, 245, 118, 198, 191, 163, 212, 243, 140, 138, 242, 241, 31, 5, 228, 163,

[228, 185, 135, 4, 237, 167, 109, 208, 124, 203, 215, 17, 7, 236, 85, 178]
86, 16, 142, 210, 204, 131, 169, 102, 163, 159, 20, 65, 179, 35, 113, 201, 112, 98,

[121, 82, 63, 36, 38, 174, 73, 134, 18, 195, 171, 227, 233, 230, 156, 160]
86, 16, 119, 204, 92, 192, 11, 75, 4, 198, 97, 192, 69, 116, 75, 202, 64, 25,

[242, 172, 139, 201, 113, 67, 17, 178, 77, 98, 198, 187, 227, 244, 70, 56]
86, 16, 232, 227, 94, 131, 131, 181, 30, 200, 85, 146, 234, 219, 20, 199, 229, 252,

[128, 229, 154, 117, 182, 155, 181, 0, 199, 179, 162, 229, 91, 50, 213, 181]
86, 16, 102, 88, 122, 123, 22, 13, 197, 183, 25, 168, 202, 93, 83, 209, 71, 184,

[95, 119, 181, 60, 30, 222, 96, 183, 131, 219, 232, 70, 60, 227, 187, 140]
86, 16, 24, 170, 247, 177, 226, 78, 12, 74, 124, 67, 131, 121, 30, 245, 8, 17,

[176, 38, 130, 248, 23, 22, 245, 23, 176, 152, 217, 92, 85, 43, 113, 10]
86, 16, 224, 45, 167, 16, 90, 152, 165, 196, 84, 183, 42, 220, 196, 215, 96, 89,

[39, 31, 105, 130, 248, 110, 129, 186, 212, 15, 89, 90, 130, 191, 183, 108]
86, 16, 247, 208, 56, 47, 86, 16, 152, 7, 221, 51, 74, 244, 159, 10, 155, 55,

[203, 68, 188, 113, 125, 219, 68, 107, 175, 204, 205, 105, 80, 219, 17, 255]
86, 16, 97, 168, 49, 159, 48, 59, 127, 247, 90, 180, 255, 180, 221, 162, 142, 116,

[30, 63, 84, 10, 50, 213, 81, 163, 63, 137, 133, 76, 69, 2, 135, 206]
86, 16, 251, 40, 97, 52, 39, 91, 220, 117, 132, 90, 31, 158, 137, 68, 16, 19,

[208, 228, 148, 33, 84, 221, 217, 14, 250, 222, 167, 132, 176, 36, 218, 232]
86, 16, 117, 208, 83, 161, 121, 109, 61, 142, 8, 132, 227, 124, 249, 8, 61, 232,

[124, 10, 21, 30, 21, 9, 15, 66, 167, 107, 205, 220, 207, 127, 223, 164]
86, 16, 78, 31, 224, 13, 70, 158, 252, 165, 173, 44, 142, 57, 18, 55, 57, 77,

[128, 229, 154, 117, 182, 155, 181, 0, 199, 179, 162, 229, 91, 50, 213, 181]
86, 16, 102, 88, 122, 123, 22, 13, 197, 183, 25, 168, 202, 93, 83, 209, 71, 184,

[39, 10, 114, 110, 9, 244, 185, 122, 111, 97, 39, 160, 69, 50, 14, 67]
86, 16, 48, 91, 239, 2, 248, 63, 181, 164, 6, 116, 140, 116, 75, 206, 111, 148,

[180, 168, 118, 131, 10, 170, 117, 128, 151, 106, 210, 254, 202, 16, 30, 35]
86, 16, 198, 87, 153, 94, 121, 55, 247, 20, 72, 4, 62, 50, 11, 186, 1, 241,

[203, 68, 188, 113, 125, 219, 68, 107, 175, 204, 205, 105, 80, 219, 17, 255]
86, 16, 97, 168, 49, 159, 48, 59, 127, 247, 90, 180, 255, 180, 221, 162, 142, 116,

[39, 31, 105, 130, 248, 110, 129, 186, 212, 15, 89, 90, 130, 191, 183, 108]
86, 16, 247, 208, 56, 47, 86, 16, 152, 7, 221, 51, 74, 244, 159, 10, 155, 55,

[180, 168, 118, 131, 10, 170, 117, 128, 151, 106, 210, 254, 202, 16, 30, 35]
86, 16, 198, 87, 153, 94, 121, 55, 247, 20, 72, 4, 62, 50, 11, 186, 1, 241,

[17, 28, 179, 170, 247, 144, 87, 181, 147, 146, 234, 30, 106, 178, 94, 241]
86, 16, 135, 48, 153, 165, 128, 152, 227, 191, 42, 89, 165, 180, 252, 131, 114, 53,

[95, 119, 181, 60, 30, 222, 96, 183, 131, 219, 232, 70, 60, 227, 187, 140]
86, 16, 24, 170, 247, 177, 226, 78, 12, 74, 124, 67, 131, 121, 30, 245, 8, 17,

[131, 48, 241, 64, 142, 104, 38, 17, 211, 121, 87, 7, 154, 41, 170, 121]
86, 16, 42, 176, 44, 87, 66, 1, 253, 177, 96, 2, 198, 246, 168, 105, 139, 167,

[242, 172, 139, 201, 113, 67, 17, 178, 77, 98, 198, 187, 227, 244, 70, 56]
86, 16, 232, 227, 94, 131, 131, 181, 30, 200, 85, 146, 234, 219, 20, 199, 229, 252,

[9, 114, 111, 134, 190, 91, 139, 246, 217, 98, 7, 29, 97, 87, 72, 212]
86, 16, 236, 24, 250, 227, 148, 65, 36, 104, 30, 196, 158, 247, 105, 23, 148, 87,

[15, 166, 184, 217, 205, 172, 165, 123, 109, 248, 222, 157, 128, 228, 96, 107]
86, 16, 2, 221, 183, 92, 67, 47, 202, 211, 204, 89, 166, 83, 129, 188, 254, 247,

[39, 10, 114, 110, 9, 244, 185, 122, 111, 97, 39, 160, 69, 50, 14, 67]
86, 16, 48, 91, 239, 2, 248, 63, 181, 164, 6, 116, 140, 116, 75, 206, 111, 148,

[147, 242, 182, 106, 83, 254, 104, 157, 179, 73, 129, 240, 122, 29, 115, 91]
86, 16, 242, 99, 164, 74, 123, 67, 37, 122, 215, 231, 125, 227, 158, 35, 23, 64,

[39, 31, 105, 130, 248, 110, 129, 186, 212, 15, 89, 90, 130, 191, 183, 108]
86, 16, 247, 208, 56, 47, 86, 16, 152, 7, 221, 51, 74, 244, 159, 10, 155, 55,

[95, 119, 181, 60, 30, 222, 96, 183, 131, 219, 232, 70, 60, 227, 187, 140]
86, 16, 24, 170, 247, 177, 226, 78, 12, 74, 124, 67, 131, 121, 30, 245, 8, 17,

